3774
3773
3739
3694
3759
3742
3699
3758
3755
3769
3631
3678
3633
3685
3658
3618
3644
3651
3623
3640
3556
3596
3544
3589
3547
3561
3501
3494
3493
3497
3487
3470
3469
3461
3518
3402
3455
3445
3441
3425
3421
3431
3415
3405
3400
3397
3418
3394
3383
3357
3352
3348
3362
3338
3342
3366
3377
3254
3328
3325
3314
3321
3322
3313
3302
3301
3299
3293
3300
3280
3272
3270
3266
3261
3248
3247
3215
3204
3197
3196
3187
3216
3185
3178
3165
3160
3154
3142
3141
3125
3123
3111
3108
3103
3094
3088
3071
3070
3062
3060
3047
3045
3050
3043
2996
3022
3020
3018
3017
3011
3008
2933
2950
2961
2971
2976
2983
2995
2835
2853
2871
2873
2875
2877
2888
2909
2911
2918
2924
2928
2930
2833
2852
2751
2822
2771
2747
2828
2778
2741
2745
2734
2794
2812
2775
2777
2676
2631
2655
2673
2691
2695
2699
2707
2716
2722
2609
2606
2603
2600
2608
2624
2613
2610
2520
2522
2529
2557
2559
2562
2573
2547
2481
2485
2490
2500
2514
2515
2518
2579
2460
2474
2421
2439
2442
2446
2447
2469
2339
2347
2345
2351
2355
2354
2361
2368
2364
2370
2377
2286
2304
2320
2321
2323
2327
2328
2222
2183
2189
2206
2217
2223
2230
2241
2250
2254
2255
2260
2262
2277
2278
2094
2177
2175
2160
2158
2157
2128
2110
2101
2074
2018
2024
2004
1995
1989
1987
1982
1986
2026
2039
2041
2054
2047
2049
2070
2072
2073
1945
1944
1978
1943
1885
1950
1882
1922
1920
1905
1907
1887
1975
1977
1928
1926
1877
1875
1876
1867
1845
1865
1849
1817
1743
1774
1780
1808
1826
1813
1814
1688
1690
1692
1714
1676
1658
1652
1650
1639
1638
1661
1707
1710
1689
1687
1619
1533
1543
1547
1554
1612
1597
1565
1581
1496
1434
1461
1469
1483
1484
1487
1504
1506
1512
1429
1421
1420
1419
1415
1408
1403
1426
1393
1400
1385
1381
1373
1369
1366
1362
1357
1343
1336
1244
1329
1324
1322
1306
1302
1300
1299
1297
1294
1291
1275
1273
1270
1262
1263
1246
1255
1250
1232
1233
1235
1192
1226
1221
1190
1208
1207
1143
1142
1141
1153
1166
1170
1176
1108
1093
1089
1003
1018
1008
1009
1019
1026
1016
1077
985
1059
1028
995
1025
952
953
959
958
900
963
966
890
899
918
927
933
910
908
949
950
832
840
844
862
864
871
879
784
790
797
800
805
870
823
830
742
758
686
712
746
757
779
725
600
633
634
584
651
619
623
662
672
622
678
624
595
596
604
527
505
508
512
514
577
569
567
519
507
565
563
481
533
497
501
499
491
403
417
422
443
447
455
438
427
458
460
470
476
437
399
444